image: /home/cona/data/CoNA/Map1/Map1.pgm
resolution: 0.025000
origin: [1.410107, -48.936120, 0.000000]
negate: 0
occupied_thresh: 0.65
free_thresh: 0.196
initial_pose: [17.811762, -14.236743, -34.010445]

