image: /home/cona/data/CoNA/Map1/Map1.pgm
resolution: 0.025000
origin: [-30.818701, -14.174064, 0.000000]
negate: 0
occupied_thresh: 0.65
free_thresh: 0.196
initial_pose: [0.000000, 0.000000, 0.000000]

