image: /home/cona/data/CoNA/Map1/Map1.pgm
resolution: 0.025000
origin: [-13.181193, -3.113635, 0.000000]
negate: 0
occupied_thresh: 0.65
free_thresh: 0.196
initial_pose: [-0.716815, -0.617697, 113.400551]

