image: /home/minji/map_gui/src/data/CoNA/Map3/Map1.pgm
resolution: 0.025000
origin: [-16.931206, -29.333197, 0.000000]
negate: 0
occupied_thresh: 0.65
free_thresh: 0.196

